00000000000000000000000000000000000000000000000000000000000000000000000000000000000000000000000000000000000000000000000000000000000000000
00000000000000000000000000000000000000000000000000000000000000000000000000000000000000000000000000000000000000000000000000000000000000000
00000000000000000000000000000000000000000000000000000000000000000000000000000000000000000000000000000000000000000000000000000000000000000
00000000000000000000000000000000000000000000000000000000000000000000000000000000000000000000000000000000000000000000000000000000000000000
00000000000000000000000000000000000000000000000000000000000000000000000000000000000000000000000000000000000000000000000000000000000000000
00000000000000000000000000000000000000000000000000000000000000000000000000000000000000000000000000000000000000000000111100000000000000000
00000000000000000000000000000000000000000000000000000000000000000000000000000000000000000000000000000000000000000011110000000000000000000
00000000000000000000000000000000000000000000000000000000000000000000000000000000000000000000000000000000000000000011100000000000000000000
00000000000000000000000000000000000000000000000000000000000000000000000000000000000000000000000000000000000000000000000000000000000000000
00000000000000000000000000000000000000000000000000000000000000000000000000000000000000000000000000000000000000000000000000000000000000000
00000000000000000000000000000000000000000000000000000000000000000000000000000000000000000000000000000000000000000000000000000001110000000
00000000000000000000000000000000000000000000000000000000000000000000000000000000000000000000000000000000000000000001110000000001100000000
00000000000000000000000000000000000000000000000000000000000000000000000000000000000000000000000000111000000000000001110000000000000000000
00000000000000000000000000000000000000000000000000000000000000000000000000000000000000000000000111111000000000000111000000000000000000000
00000000000000000000000000000000000000000000000000000000000000000000000000000000000000000000111111100000000000011111000000000000000000000
00000000000000000000000000000000000000000000000000000000000000000000000000000000000000001111111111111000000000001110000000000011111100000
00000000000000000000000000000000000000000000000000000000000000000000000000000000000011111111111000111000000000000110000000000011111100000
00000000000000000000000000000000000000000000110000000000000000000000000000000000111111111111111111011100000000000110000000000000000000000
00000000000000000000000000000000000000000000110000000000000000000000000000001111111111100000111111011100000000000110000000000000000000000
00000000000000000000000000000000000000000000000000000000000000000000001111111111111100000000011111111111000000000000000000000000000000000
00000000000000000000000000000000000000000000000000000000000000001111111111111111110000000000011111111111000000111000000000000000000000000
00000000000000001111000000000000001100000000000000000111111111111111111111011111000000000000011111111111000000111001111000000000000000000
00000000000000111111111111100001111111000011111111111111111111111111000000001111100000000000011111100111100001111111111000000000000000000
00000000000000111111111111110111111011111111111111111111111111111111000000001111100000000000001111100000000001111111111000000000000000000
00000000000000111111111111111111111111111111111111111100000000111000000000000111100000000000001111111100000001100001111000000000000000000
00000000000000011101111011111111111111100000001111110000000000111000000000000111100000000000001111111111111100000000000000000000000000000
00000000000000011111111000011111111110000000000111100000000000111110000000000111100000000000001111111111111100000000000000000000000000000
00000000000000001110110000011111111110000000001111000000000000111110000000000111100000000000001111111111111110000000000000000000000000000
00000000000011111110000000011111111110000000001111100000000000111100000000000111110000000000001111111111111110000000000000000000000000000
00000000000011011100000000011111111100000000000111100000000000111100000000001111111000000000000111100011111110000000000000000000000000000
00000000000111011100000000001111111100000000000111000000000000111100000000001111111000000000000000000001111110000000000000000000000000000
00000000000111111000000000001111111001100000000111000000000000011110000000000111111000000000000000000000111111000000000000000000000000000
00000000000111111000000000001111111011100000000111100000000000111110000000000011111111100000000000000000011111110000000000000000000000011
00000000001111111000000000001111111000000000000111100000000000111100000000000011111111100000000000000000000111110000000000000000000001111
00000000001111110000000000001111111000000000000111110000000011111110000000000011111110000000000000000000000011111000000000000000000011111
00000000011111110000000000001111111000000000000111110000000000111111100000000011110000000000000000000000000001111100000000000000000111001
01100000011111100000000001111111111000000000000111110000000000111111111000000000000000000000000000000000000000111110000000000000000110000
01110000011111100000000111111111111111000000000111111100000000111111110000000000000000000000000000000000000000011111000000000000000110000
01111111111100000000000111111111111111100000001111111110000000111000000000000000000000000000000000000000000000001111100000000000000111000
11111111111000000000000000000000001111000000001111111000000000000000000000000000000000000000000000000000000000000111110000000000000111000
11111111111000000000000000000000000000000000000000000000000000000000000000000000000000000000000000000000000000000011111000000000000000000
11111111100000000000000000000000000000000000000000000000000000000000000000000000000000000000000000000000000000000001111000000110000000000
11111111000000000000000000000000000000000000000000000000000000000000000000000000000000000000000000000000000000000001111000000000001110000
11110111000000000000000000000000000000000000000000000000000000000000000000000000000000000000000000000000000000000001110000000000111110000
11111111000000000000000000000000000000000000000000000000000000000000000000000000000000000000000000000000000000000001111011100111111000000
11111111111000000000000000000000000000000000000000000000000000000000000000000000000000000000000000000000000000000000111111101111100000000
00000111111100000000000000000000000000000000000000000000000000000000000000000000000000000000000000000000000000000000111111011110000000000
00000000111100000000000000000000000000000000000000000000000000000000000000000000000000000000000000000000000000000000000000011100000000000
00000000111100000000000000000000000000000000000000000000000000000000000000000000000000000000000000000000000000000000000000111100000000000
00000000111000000000000000000000000000000000000000000000000000000000000000000000000000000000000000000000000000000000000000111100000000000
00000001111000000000000000000000000000000000000000000000000111000000000000000000000000000000000000000000000000000000000000111000000000000
00000001111000000000000000000000000000000000000000000000001111000000000000000000000000000000000000000000000000000000000000111000000000000
00000011110000000000000000000000000000000000000000000000111111100000000000000000000000011100000000000000000000000000000001111000000000000
00000011110000000000000000000000000000000000000000000000111011100000000000000000000001111111000000000000000000000000000011111000000000000
00000011110000000000000000000000000000000000000000000000110011110000000000000000000001111111000000000000000000000000000011110000000000000
00000011111110000000000000000000000000000000000000000000000001110000000000000000000011110111000000000000000000000000001111100000000000000
00000000111111100000000000000000000000000000000000000000000001111000000000000000000011110011100000000000000000000000011111000000000000000
00000000001111111111000000000000000000000000000000000000000000111000000000000000000011110111000000000000000000000000111110000000000000000
00000000000001111111110000000000000000000000000000000000000000111000000000000000000001111111000000000000000000000001111000000000000000000
00000000000000001111111100000000000000000000000000000000000011111000000000000000000001111110000000000000000000000011111000000000000000000
00000000000000000011111111100000000000000000000000000000000111110000000000000000000000000000000000000000000000000111111000000000000000000
00000000000000000000011111111100000000000000000000000000000111000000000000000000000000000000000000000000000000001111111000000000000000000
00000000000000000000000011111111110000000000000000000000000000000000000000000000000000000000000000000000000000011111000000000000000000000
00000000000000000000000000111111111000000000000000000000000000000000000000000000000000000000000000000000000000011110000000000000000000000
00000000000000000000000000001111111110000000000000000000000000000000000000000000000000000000000000000000000001111100000000000000000000000
00000000000000000000000000000001111111110000000000000000000000000000000000000000000000000000000000000000000011111000000000000000000000000
00000000000000000000000000000000001111111100000000000000000000000000000000000000000000000000000000000000000111110000000000000000000000000
00000000000000000000000000000000000011111111100000000000000000000000000000000000000000000000000000000000001111100000000000000000000000000
00000000000000000000000000000000000000011111111100000000000000000000000000000000000000000000000000000000011111000000000000000000000000000
00000000000000000000000000000000000000000111111111000000000000000000000000000000000000000000000000000000111110000000000000000000000000000
00000000000000000000000000000000000000000000111111111000000000000000000000000000000000000000000000000001111100000000000000000000000000000
00000000000000000000000000000000000000000000001111111111000000000000000000000000000000000000000000000001110000000000000000000000000000000
00000000000000000000000000000000000000000000000001111111110000000000000000000000000000000000000000000011110000000000000000000000000000000
00000000000000000000000000000000000000000000000000011111111110000000000000000000000000000000000000000011100000000000000000000000000000000
00000000000000000000000000000000000000000000000000000011111111100000000000000000000000000000000000000011100000000000000000000000000000000
00000000000000000000000000000000000000000000000000000000111111111000000000000000000000000000000000000111100000000000000000000000000000000
00000000000000000000000000000000000000000000000000000000000111111111000000000000000000000000000000000111000000000000000000000000000000000
00000000000000000000000000000000000000000000000000000000000001111111110000000000000000000000000000001111000000000000000000000000000000000
00000000000000000000000000000000000000000000000000000000000000001111111110000000000000000000000000001111000000000000000000000000000000000
00000000000000000000000000000000000000000000000000000000000000000011111111110000000000000000000000001110000000000000000000000000000000000
00000000000000000000000000000000000000000000000000000000000000000000011111111100000000000000000000011110000000000000000000000000000000000
00000000000000000000000000000000000000000000000000000000000000000000000111111111100000000000000000011100000000000000000000000000000000000
00000000000000000000000000000000000000000000000000000000000000000000000000111111111000000000000000111100000000000000000000000000000000000
00000000000000000000000000000000000000000000000000000000000000000000000000001111111111000000000000111000000000000000000000000000000000000
00000000000000000000000000000000000000000000000000000000000000000000000000000011111111110000000000111000000000000000000000000000000000000
00000000000000000000000000000000000000000000000000000000000000000000000000000000011111111110000001111000000000000000000000000000000000000
00000000000000000000000000000000000000000000000000000000000000000000000000000000000111111111100001110000000000000000000000000000000000000
00000000000000000000000000000000000000000000000000000000000000000000000000000000000001111111111011110000000000000000000000000000000000000
00000000000000000000000000000000000000000000000000000000000000000000000000000000000000011111111111110000000000000000000000000000000000000
00000000000000000000000000000000000000000000000000000000000000000000000000000000000000000011111111100000000000000000000000000000000000000
00000000000000000000000000000000000000000000000000000000000000000000000000000000000000000000111111000000000000000000000000000000000000000
00000000000000000000000000000000000000000000000000000000000000000000000000000000000000000000000111000000000000000000000000000000000000000
00000000000000000000000000000000000000000000000000000000000000000000000000000000000000000000000000000000000000000000000000000000000000000
00000000000000000000000000000000000000000000000000000000000000000000000000000000000000000000000000000000000000000000000000000000000000000
00000000000000000000000000000000000000000000000000000000000000000000000000000000000000000000000000000000000000000000000000000000000000000
